4750557252172328|01|2027|318
4750558928439083|02|2030|272
4750557567263788|10|2025|386
4750558381477851|04|2029|191
4750552965248358|02|2029|745
4750557120147338|07|2027|227
4750558310734638|03|2032|707
4750557023685988|12|2030|377
4750555561245272|10|2028|374
4750558271748676|06|2031|621
4750556814888363|06|2029|995
4750551495005825|01|2025|501
4750556507220833|11|2024|996
4750550839289152|05|2028|688
4750556304440311|09|2028|252
4750554620354571|06|2032|233
4750559924340580|04|2026|822
4750551016140788|09|2024|933
4750558131335474|04|2027|891
4750551506993662|05|2027|805
4750553203626785|09|2024|258
4750555715035801|11|2030|994
4750559601411407|09|2024|200
4750556515134919|04|2030|419
4750558247084578|01|2025|523
4750551759865187|03|2032|632
4750556587473237|09|2029|929
4750550035263654|11|2024|117
4750557034561913|07|2025|421
4750555697216700|04|2025|315
4750559207625574|05|2026|855
4750550082930866|11|2025|684
4750550065637272|11|2031|613
4750558355616203|05|2026|693
4750559562813476|08|2025|708
4750554282692110|09|2025|749
4750555653072295|01|2027|839
4750554984410522|04|2031|220
4750550270647819|03|2029|542
4750551650476662|11|2024|220
4750559029119772|11|2024|824
4750559492579338|12|2024|525
4750556716783803|04|2030|272
4750558813921104|08|2029|597
4750557611094510|09|2025|194
4750552412560835|05|2026|382
4750550256635580|03|2030|678
4750557469581212|01|2032|842
4750551671268700|09|2030|250
4750552180807574|02|2026|335
4750555300209811|12|2032|750
4750554178513693|11|2028|985
4750550241620861|11|2029|772
4750556144567141|12|2027|577
4750556531957772|11|2032|530
4750555488868651|12|2032|548
4750556757910349|05|2028|832
4750552251703942|08|2031|592
4750552469376358|11|2026|159
4750550220020331|09|2024|800
4750557042874845|07|2027|692
4750555491227960|11|2029|822
4750552203946110|12|2032|969
4750557151133397|03|2030|738
4750557963176204|05|2030|419
4750552047589134|06|2026|364
4750553979793496|12|2029|201
4750551717794503|09|2029|672
4750553924500954|04|2028|953
4750556531975832|11|2024|150
4750555698224026|12|2031|855
4750550304316324|03|2025|860
4750557681276187|01|2029|188
4750556279847672|12|2032|899
4750552143023228|09|2025|632
4750556967589958|04|2028|378
4750559510439903|07|2026|305
4750556404701109|08|2026|721
4750550228601827|09|2024|103
4750554787624253|10|2024|522
4750550587677194|06|2028|187
4750553142257197|03|2030|991
4750557993792442|12|2024|491
4750554402368377|08|2032|861
4750552197400553|09|2025|304
4750550145343446|07|2031|635
4750554967984220|05|2027|713
4750551534806472|06|2026|833
4750555897240237|09|2024|812
4750553670888546|11|2024|726
4750557056489068|09|2025|701
4750554462568098|04|2027|510
4750553202181006|07|2032|341
4750557964061900|08|2029|153
4750557129805761|02|2030|704
4750554015938285|11|2024|162
4750551320095777|03|2027|504
4750559159910610|03|2028|910
4750555632302185|04|2026|253
4750553168643148|07|2027|431
4750550648574893|03|2028|642
4750558549182807|12|2024|769
4750557198205349|08|2030|901
4750555364614799|12|2026|651
4750559474360178|08|2032|738
4750551643513506|04|2032|785
4750558417582146|09|2026|694
4750557232919673|08|2032|754
4750551990981611|10|2028|987
4750555863162050|05|2029|286
4750554080023690|09|2028|124
4750551115759884|11|2024|623
4750551481263909|12|2027|349
4750554702724568|10|2030|771
4750555295152240|05|2026|227
4750553461765515|11|2032|102
4750557169711705|09|2027|199
4750559766871205|01|2030|279
4750550844973071|04|2026|368
4750557634432267|06|2032|590
4750552096876101|11|2024|447
4750550658378532|09|2032|303
4750556652585071|10|2025|229
4750550572482634|08|2025|427
4750557762784331|09|2030|850
4750553892414691|02|2030|702
4750555788798129|07|2027|205
4750554914486055|08|2028|879
4750556704101604|10|2028|964
4750557510426003|05|2032|983
4750550263606954|04|2030|973
4750554290901214|09|2024|867
4750558512734741|12|2030|176
4750552208514384|11|2027|644
4750559254670267|05|2030|494
4750552431976822|04|2026|562
4750559897069216|09|2024|657
4750555544214353|06|2031|739
4750556294801928|04|2028|649
4750559636149089|01|2030|858
4750554427323357|10|2024|263
4750552204307635|04|2032|754
4750550843453075|09|2027|358
4750552813650094|03|2028|138
4750550990985713|10|2025|645
4750554092642495|09|2032|637
4750559609347272|10|2032|352
4750557360513074|09|2024|994
4750557645121818|03|2032|942
4750556893573670|01|2031|565
4750552084376528|12|2029|414
4750552387790144|02|2032|575
4750553843363955|12|2025|555
4750556707918574|07|2026|574
4750556175035539|08|2029|573
4750554393371927|04|2028|176
4750557422570369|10|2027|117
4750550113892200|08|2026|896
4750553010164830|01|2031|743
4750556473902109|10|2029|109
4750558107935463|11|2031|839
4750551042098323|10|2028|499
4750556614342819|12|2032|471
4750551644190379|01|2025|294
4750557200796160|01|2032|504
4750551179226473|11|2025|874
4750559976459080|07|2031|386
4750553457200147|12|2024|731
4750552161793520|02|2026|480
4750555479587195|02|2027|923
4750557553917009|05|2030|755
4750555849419855|10|2032|609
4750552000147862|03|2027|535
4750553271273015|09|2027|864
4750556387246510|02|2029|508
4750557805536912|12|2024|969
4750555538005973|02|2026|493
4750550563515913|03|2031|791
4750551737781795|04|2026|538
4750552451289114|12|2032|754
4750557229307486|06|2030|664
4750551525331944|12|2030|104
4750556691839661|03|2027|324
4750554773386263|04|2030|723
4750550560705822|04|2032|449
4750551312580604|03|2032|971
4750554101027225|01|2030|437
4750552453040911|10|2025|135
4750558155468805|12|2029|963
4750552496702345|07|2025|647
4750559622852241|06|2032|133
4750550632955371|05|2030|337
4750551019004866|12|2029|442
4750551983769031|12|2032|226
4750555680553374|05|2029|507
4750554740526496|09|2024|815
4750552057313425|04|2031|463
4750559158631167|09|2024|204
4750556324825566|12|2028|871
4750558308975854|04|2025|653
4750556723120437|06|2025|217
4750556276063505|12|2027|714
4750550309373023|01|2027|866
4750558705377415|10|2028|368
4750559220173362|01|2027|124
4750558666346391|10|2024|479
4750556705935315|05|2032|439
4750556903943905|02|2028|688
4750559766423882|05|2032|878
4750556596049903|04|2026|761
4750559032062753|09|2025|372
4750550255085167|12|2024|974
4750554187015391|10|2025|334
4750555548647327|07|2032|732
4750551934275120|04|2031|594
4750552028408536|08|2030|858
4750556478750123|02|2030|310
4750550960785275|04|2027|853
4750551446050649|09|2024|434
4750557947880319|01|2026|101
4750558621771907|04|2027|414
4750552769145701|01|2031|459
4750556712048284|01|2032|178
4750556087819145|11|2024|734
4750555305384569|09|2028|705
4750552819091681|08|2028|934
4750554905473047|11|2024|205
4750553696227372|04|2028|586
4750558699520087|12|2024|422
4750559765783500|02|2025|440
4750555829064002|11|2028|264
4750550740324320|07|2025|196
4750552186332445|03|2025|612
4750557534983278|08|2028|339
4750553572221341|10|2024|492
4750556761342141|10|2027|382
4750550324547205|10|2024|340
4750551341835763|01|2032|544
4750552098364726|11|2024|495
4750555942010205|10|2024|705
4750559199703835|07|2030|707
4750552285998799|06|2025|175
4750554879047587|12|2024|907
4750558726959381|08|2032|813
4750559344824841|08|2030|885
4750551889195786|11|2026|889
4750554102975935|09|2032|102
4750552013112663|05|2031|719
4750552780951871|03|2026|155
4750556010624356|09|2028|840
4750551036728828|02|2026|887
4750559212055643|06|2027|307
4750559093682630|08|2030|622
4750555422421773|08|2026|724
4750557110938472|12|2029|191
4750559525584313|11|2024|580
4750559542731780|02|2031|636
4750557281810930|09|2024|700
4750555956989757|12|2026|969
4750550186271688|01|2026|116
4750554879442176|09|2031|123
4750553756271310|08|2025|123
4750553907730958|08|2025|238
4750556654440200|03|2026|287
4750556860222582|06|2028|734
4750558101391432|11|2024|864
4750558066742900|10|2029|276
4750555315025111|01|2026|169
4750554601674526|10|2024|115
4750556668009827|10|2029|362